255
216
255
225
0
22
69
120
105
102
0
0
77
77
0
42
0
0
0
8
0
0
0
0
0
0
255
219
0
132
0
9
6
7
18
19
18
21
16
19
18
22
22
21
22
22
21
23
24
21
24
22
24
24
24
21
21
21
25
24
23
24
24
24
26
27
29
40
32
24
26
38
30
26
30
33
49
33
37
41
45
46
46
46
32
32
51
56
51
44
55
40
45
47
43
1
10
10
10
14
13
14
27
16
16
26
43
37
31
37
45
53
45
50
47
45
45
45
45
47
45
47
47
45
45
45
45
54
47
45
45
45
45
45
45
45
45
45
45
45
45
45
45
45
45
45
45
45
45
45
45
45
45
45
45
45
45
45
45
45
255
192
0
17
8
0
208
0
242
3
1
34
0
2
17
1
3
17
1
255
196
0
28
0
0
1
4
3
1
0
0
0
0
0
0
0
0
0
0
0
0
1
5
6
7
2
3
4
8
255
196
0
65
16
0
2
1
3
3
2
5
2
3
6
4
3
7
5
0
0
1
2
17
0
3
33
4
18
49
5
65
6
19
34
81
97
50
113
66
129
145
7
20
35
82
161
177
51
98
193
209
114
240
241
22
36
67
130
146
225
226
21
52
83
99
115
255
196
0
25
1
0
3
1
1
1
0
0
0
0
0
0
0
0
0
0
0
0
2
3
1
4
5
255
196
0
34
17
0
3
0
2
3
0
2
3
1
1
0
0
0
0
0
0
0
1
2
3
17
18
33
49
34
65
19
50
81
97
113
255
218
0
12
3
1
0
2
17
3
17
0
63
0
183
171
42
0
172
162
148
1
90
179
86
172
105
64
160
13
138
107
33
90
129
173
138
212
1
152
165
164
83
89
86
128
145
72
82
179
165
160
13
21
144
172
217
107
89
21
128
103
20
148
3
77
189
95
174
216
211
143
91
122
187
34
229
143
251
126
116
55
175
67
209
198
144
212
15
168
248
210
235
72
180
18
215
34
88
111
97
192
146
36
1
246
131
197
87
29
103
197
253
71
205
107
109
171
127
73
32
236
59
7
184
194
196
24
143
204
252
82
205
205
61
33
222
58
75
108
244
21
21
230
253
63
92
187
189
90
229
219
174
179
37
77
199
200
253
126
223
173
74
172
117
233
134
181
123
231
252
77
164
127
229
154
46
184
253
4
71
47
178
228
21
144
170
166
199
138
53
73
4
93
120
255
0
63
172
123
114
65
253
105
243
73
227
253
168
110
95
182
54
8
220
233
130
178
64
4
169
57
252
143
229
72
179
75
232
103
134
151
100
238
41
9
174
30
147
214
44
106
87
125
155
138
227
188
114
62
224
228
87
112
170
146
49
52
160
82
154
204
10
0
214
69
37
108
34
177
52
1
133
98
77
100
77
107
99
64
8
90
176
45
89
82
69
6
152
209
75
182
138
0
220
5
44
82
138
202
131
12
34
150
43
42
88
160
211
1
68
214
113
73
20
0
129
171
98
189
97
20
148
1
208
13
101
90
21
235
48
244
108
195
101
98
194
148
26
136
126
209
124
68
52
214
150
208
114
173
120
193
97
50
150
191
27
8
4
131
216
99
223
218
181
189
35
82
219
208
207
227
111
25
94
1
237
104
84
185
82
85
239
2
184
34
119
45
185
62
162
35
36
79
176
205
84
218
79
24
93
64
203
121
77
195
45
146
208
234
73
36
134
149
147
146
121
247
169
141
198
5
67
91
33
146
33
74
16
203
11
34
22
62
65
196
227
227
138
136
120
137
69
251
233
101
99
122
6
55
46
0
14
192
7
4
99
32
131
201
238
181
200
178
115
122
165
209
214
177
112
91
79
179
162
231
94
107
223
195
211
171
43
25
151
98
178
170
57
130
36
46
15
63
49
220
26
209
103
73
105
96
48
220
198
75
52
183
212
76
227
227
239
159
233
92
118
52
158
83
238
180
198
228
72
107
102
3
21
131
59
76
193
143
111
127
185
174
235
203
17
115
240
178
135
86
131
5
72
153
19
4
143
156
86
174
43
245
240
198
155
125
250
97
99
68
60
210
172
78
192
133
128
28
176
49
0
192
32
28
230
99
140
86
157
126
141
26
60
182
216
123
134
150
7
61
185
63
222
187
116
206
90
226
133
19
54
46
19
62
152
8
194
26
99
213
158
216
251
230
43
85
219
70
11
103
0
207
17
156
123
226
169
86
250
123
22
97
118
180
115
104
180
251
12
38
165
131
147
18
170
2
79
177
4
231
36
230
155
122
135
84
188
242
151
46
22
10
198
64
128
9
6
63
8
19
247
174
213
185
176
27
199
59
127
171
31
164
126
124
215
45
158
148
0
155
172
67
119
85
137
200
159
81
39
7
226
49
241
83
84
183
186
42
231
173
33
215
193
207
127
204
55
108
222
54
133
184
245
102
119
31
194
59
125
254
57
230
174
239
10
120
171
207
63
187
222
218
183
162
65
31
77
208
57
32
118
97
221
127
74
164
250
67
91
182
124
165
250
156
206
100
147
28
44
136
3
188
15
122
118
234
250
198
178
150
174
172
171
45
213
130
32
109
32
49
144
1
198
69
31
149
254
77
125
49
107
10
225
181
233
232
5
90
204
212
115
194
254
44
177
169
181
110
110
42
221
43
148
38
36
140
18
189
143
216
113
82
67
93
39
25
131
86
178
43
113
172
98
131
77
36
82
69
116
4
164
101
160
13
27
104
138
218
69
106
51
237
64
11
138
43
94
211
69
0
111
20
162
144
82
138
192
20
82
129
69
40
53
160
17
68
82
205
20
1
140
82
69
103
69
0
106
34
147
117
109
53
129
20
0
11
181
65
254
213
122
153
187
174
184
179
33
8
182
163
31
132
65
137
255
0
52
254
181
124
50
213
21
226
173
1
189
126
227
91
218
183
146
235
70
118
249
153
59
68
147
27
164
0
61
38
103
36
82
91
210
31
26
219
35
186
175
6
234
23
6
229
160
220
149
220
216
61
178
4
22
227
242
226
154
46
11
250
91
164
16
36
172
17
33
131
161
32
224
142
68
142
121
154
177
175
245
93
37
197
243
69
251
106
76
157
151
46
91
87
88
153
93
156
253
177
36
109
48
73
38
163
93
95
169
105
24
135
4
221
113
193
8
97
123
147
44
0
193
251
228
253
200
132
221
239
77
116
116
185
141
109
51
129
81
136
13
181
173
147
48
24
64
192
153
223
133
94
248
36
25
143
122
119
183
121
13
162
46
43
2
178
72
85
7
45
27
93
64
4
178
150
4
177
16
37
129
205
49
61
240
198
67
228
246
32
169
19
159
183
245
164
184
78
210
23
150
82
188
125
65
196
25
19
7
220
30
112
43
82
215
166
62
252
58
250
113
242
53
246
183
112
67
219
250
65
250
129
2
37
128
252
67
39
0
73
207
6
73
226
11
147
166
32
35
78
2
176
85
97
188
180
24
112
4
2
49
3
191
192
50
203
162
233
158
125
132
186
87
115
216
22
221
134
210
197
150
219
176
116
218
81
131
250
21
78
121
128
51
197
63
117
253
32
22
26
229
162
10
159
82
21
146
10
125
107
17
19
246
50
70
12
140
214
191
173
10
189
34
114
173
14
160
155
54
78
197
59
153
77
205
73
27
139
113
144
153
198
15
210
127
17
173
123
160
23
110
1
19
242
79
0
123
247
164
211
90
11
102
218
52
0
161
238
49
136
48
240
101
143
44
96
44
28
98
49
220
244
165
139
110
234
183
38
14
208
45
201
30
92
175
214
208
195
214
121
142
7
31
20
183
173
255
0
136
164
111
67
38
170
243
92
186
189
165
212
0
39
25
0
1
246
31
235
83
174
191
103
125
147
108
250
12
171
12
76
17
31
51
36
126
121
49
35
21
30
240
150
137
95
86
75
16
124
165
118
31
44
61
35
191
105
158
220
15
205
239
196
250
159
42
217
104
146
88
32
28
15
230
39
183
101
226
63
222
147
35
249
202
145
229
105
61
156
137
211
86
242
37
165
188
85
149
199
241
10
253
37
189
38
0
50
1
49
137
36
64
230
186
172
120
167
170
244
210
168
215
75
33
18
161
255
0
137
109
128
207
164
156
140
118
197
55
232
238
224
50
146
3
0
68
242
39
145
243
7
31
49
199
106
154
216
185
127
200
75
165
102
213
201
254
32
150
130
3
33
75
152
149
19
204
227
131
218
173
201
162
21
50
119
244
47
219
45
167
133
212
217
40
127
157
14
225
255
0
164
241
250
213
139
210
250
214
159
80
38
205
213
121
19
0
195
71
252
39
53
65
235
188
57
98
240
38
215
240
110
243
181
137
216
197
160
199
192
206
8
198
70
41
133
223
87
162
96
9
42
103
210
65
12
166
59
171
15
239
142
220
211
43
223
130
86
47
179
213
96
86
190
245
81
248
39
246
168
196
139
58
172
240
3
79
171
255
0
151
216
231
228
213
177
162
212
165
197
23
17
131
41
200
35
254
113
84
79
100
156
180
110
34
136
172
136
164
173
20
76
81
75
20
80
6
160
40
172
128
165
138
195
68
20
162
138
80
40
1
41
105
98
150
43
64
198
138
202
163
61
123
199
58
45
41
42
247
55
184
255
0
195
183
12
65
28
130
100
40
63
4
207
197
96
18
58
34
171
52
253
171
155
183
69
155
26
97
45
48
110
92
129
128
73
45
11
233
2
15
191
246
167
54
241
158
161
126
171
86
90
57
218
228
100
3
49
36
159
206
43
29
41
244
101
20
252
68
225
133
81
222
56
176
182
245
110
73
42
197
206
210
39
145
4
12
122
129
51
131
255
0
81
97
217
241
218
227
205
211
220
95
149
42
227
152
39
59
76
15
207
218
171
255
0
218
78
190
205
235
232
246
78
240
195
32
171
169
87
88
17
16
12
255
0
67
34
146
169
82
232
120
85
53
217
12
241
90
41
188
183
23
30
106
43
183
168
25
184
76
57
128
91
110
72
48
99
253
3
93
171
24
44
9
252
132
246
158
211
216
129
7
222
187
58
222
164
51
34
110
159
45
2
159
80
101
222
91
113
3
178
144
32
17
147
32
215
16
185
128
15
178
242
39
3
203
236
115
24
255
0
40
251
86
164
248
161
246
147
98
239
140
72
159
232
115
31
223
31
57
173
150
152
125
96
144
36
73
28
30
224
123
28
127
122
199
167
236
243
109
27
210
109
239
183
191
191
166
80
54
121
56
98
112
79
231
86
203
217
42
101
35
104
130
20
65
80
166
28
0
20
8
27
66
196
129
207
21
60
151
195
235
99
68
242
34
222
10
234
130
214
160
7
42
182
238
144
165
178
5
178
112
9
204
133
247
253
123
85
153
255
0
97
162
215
146
93
88
44
236
4
19
180
25
192
36
150
192
36
73
60
124
85
127
212
186
37
187
130
64
9
114
12
184
226
84
36
239
29
255
0
22
121
147
153
226
157
188
27
227
187
186
86
26
45
120
98
163
9
114
55
53
188
237
131
31
226
36
130
1
18
68
30
120
25
142
230
140
203
20
136
239
82
233
255
0
187
95
43
113
26
45
129
31
79
248
161
72
178
26
115
180
21
103
48
127
10
252
83
6
158
255
0
150
205
125
191
4
190
76
110
110
6
11
169
203
17
145
158
245
99
126
213
180
234
230
206
162
219
6
75
170
97
148
130
28
167
4
48
237
180
243
241
85
143
82
63
70
158
216
5
156
130
209
180
240
78
197
27
144
16
121
39
213
237
53
181
59
173
27
142
190
59
26
180
218
235
182
156
94
70
33
196
130
199
50
14
8
51
204
251
79
251
214
93
79
172
94
212
48
55
90
99
133
0
5
19
240
59
255
0
90
46
116
246
91
195
78
240
175
188
33
202
96
147
182
100
17
35
35
51
196
153
169
159
89
240
29
181
80
182
25
141
197
2
75
17
182
231
190
216
157
190
227
140
28
251
211
213
68
180
217
186
117
224
213
211
238
6
180
177
202
122
72
248
153
89
247
255
0
219
21
106
254
200
245
66
226
106
52
141
149
4
56
7
136
127
75
143
180
133
170
123
160
92
59
202
28
18
10
193
25
4
112
15
204
136
171
7
246
107
213
6
159
88
3
31
77
209
229
147
236
88
250
127
41
17
66
233
147
190
228
145
248
199
193
198
218
181
219
31
68
201
89
56
254
156
28
143
206
171
207
24
11
70
205
187
27
207
157
230
22
22
254
175
78
210
172
195
218
78
0
140
193
246
175
71
48
4
65
18
14
8
248
170
111
246
131
165
91
26
182
242
192
80
200
178
68
204
1
133
158
202
15
111
115
57
172
185
83
242
70
99
182
250
101
79
255
0
211
175
137
34
213
200
16
103
97
192
228
31
126
51
53
100
254
207
60
106
214
224
110
145
143
50
217
60
246
220
191
63
244
166
30
167
108
35
74
158
57
130
68
247
153
236
127
58
103
234
246
136
9
169
76
48
59
92
174
61
81
42
216
224
224
143
152
164
86
235
69
170
18
71
169
52
122
149
184
139
113
12
171
9
7
254
120
173
213
83
126
200
58
253
227
252
43
196
20
187
244
100
74
184
248
246
104
253
64
247
171
104
87
68
189
163
142
150
153
141
21
157
20
198
26
162
150
41
64
165
21
134
136
5
44
81
64
20
0
69
37
198
0
18
76
1
146
78
0
3
185
172
170
190
253
175
245
166
183
97
52
136
219
91
80
193
89
176
34
217
49
18
72
92
159
114
1
1
132
138
27
208
37
182
54
120
139
196
247
117
172
214
180
247
60
157
40
144
110
101
95
81
180
128
193
12
122
82
125
63
114
178
12
192
130
120
151
163
89
182
129
237
110
44
24
6
12
119
13
164
64
236
51
50
98
35
212
62
42
81
109
5
180
218
163
104
30
144
61
64
237
3
104
7
180
128
78
26
27
137
152
82
97
253
110
243
189
209
167
83
12
209
37
152
192
25
48
113
216
100
254
131
231
142
110
170
250
59
56
76
193
193
162
182
255
0
86
240
164
65
153
136
110
103
210
57
231
245
167
38
235
87
45
129
230
75
47
102
145
199
19
35
253
68
255
0
90
225
210
233
93
21
128
96
195
46
172
7
7
108
16
84
254
33
140
68
64
38
120
1
52
154
245
186
222
82
164
146
172
90
96
2
171
49
184
40
130
96
253
126
145
240
57
174
134
247
254
162
106
117
247
166
58
88
241
66
243
190
35
220
123
99
144
127
247
254
213
221
165
234
186
125
64
40
66
177
88
244
145
180
143
176
56
143
145
254
181
28
185
209
173
2
125
23
178
112
3
47
166
57
3
4
226
123
228
112
105
188
93
253
222
238
61
74
84
68
64
98
134
56
140
3
32
227
226
162
226
107
245
244
162
170
159
219
193
211
172
248
106
61
118
162
59
118
237
196
123
255
0
195
243
138
234
210
182
154
202
31
225
91
112
161
60
203
151
84
60
22
34
72
66
125
32
29
163
118
79
60
72
172
250
79
91
182
240
139
112
18
112
21
148
134
32
206
63
150
126
3
26
203
173
116
212
186
146
8
82
50
176
24
67
103
145
36
17
147
4
127
169
148
89
41
62
54
82
177
166
183
38
119
244
186
70
8
26
210
168
42
34
237
147
180
149
5
70
237
179
12
125
7
235
3
191
166
184
237
232
245
150
86
116
218
143
49
20
125
3
149
16
172
196
91
112
85
114
24
122
121
142
5
112
105
202
219
27
33
129
6
88
18
9
146
34
103
237
222
187
116
247
138
195
150
242
198
224
3
122
160
49
220
71
3
211
137
206
6
13
62
218
255
0
69
226
159
248
74
58
71
86
183
121
84
27
129
111
128
3
219
115
181
150
226
200
48
30
11
100
51
64
36
140
115
89
117
173
29
159
44
46
165
133
160
112
140
195
212
26
57
88
201
129
184
192
198
106
37
227
27
72
226
221
255
0
198
89
173
92
128
54
177
88
40
65
4
73
50
221
219
129
17
138
142
89
179
184
228
75
54
76
228
146
196
115
195
25
45
236
126
125
235
39
10
127
36
197
121
26
248
143
182
122
219
249
94
81
62
141
219
246
16
10
111
218
78
232
252
6
8
6
48
199
145
138
228
233
247
31
204
212
93
184
199
121
27
73
46
210
222
99
230
76
122
135
164
14
123
14
107
11
106
160
143
147
61
177
45
184
115
7
133
253
63
81
146
59
219
30
135
96
8
18
160
192
96
20
24
199
203
127
173
87
95
72
69
215
163
174
189
14
167
79
128
205
114
214
84
122
203
53
179
134
85
85
25
247
159
105
169
143
70
213
254
243
165
181
120
201
112
165
88
144
114
246
225
93
176
167
147
0
31
111
144
98
5
210
245
16
224
140
16
98
49
63
80
30
227
20
239
99
173
54
134
242
218
96
175
167
101
23
17
33
38
210
190
231
62
95
171
145
113
219
13
50
7
105
169
84
54
180
83
150
159
35
151
197
189
29
237
222
58
164
202
177
5
226
37
31
222
38
96
251
251
147
241
93
26
123
155
192
184
188
226
98
37
88
103
183
98
68
138
156
182
157
46
40
41
13
108
131
193
220
29
4
41
128
152
130
78
86
113
80
46
185
211
63
116
186
13
182
33
28
22
92
137
72
48
194
99
129
216
204
254
147
91
138
185
124
88
185
122
249
47
11
119
195
159
180
43
55
34
206
163
248
119
0
30
190
109
190
6
125
208
251
206
57
207
48
213
251
74
255
0
21
93
76
130
150
226
8
245
110
44
6
211
223
142
223
30
245
84
249
230
119
6
32
243
50
102
125
231
253
127
175
20
143
214
46
74
249
140
206
171
136
159
164
18
79
167
176
50
73
142
230
173
73
185
209
8
210
173
142
218
235
211
207
61
255
0
185
199
233
76
190
41
213
109
217
167
10
0
218
183
24
230
88
153
128
61
162
43
170
235
31
241
20
202
158
30
126
115
62
205
216
142
198
154
188
76
102
226
31
255
0
82
247
156
6
126
71
111
181
67
26
249
157
118
254
36
199
193
186
178
214
80
163
29
214
136
4
122
176
193
165
78
79
245
171
247
71
169
15
109
46
14
25
85
191
245
0
107
201
93
35
85
114
211
134
182
197
103
211
240
71
177
254
159
157
122
135
194
211
251
158
156
31
255
0
21
191
236
42
216
227
141
51
151
45
111
67
207
153
73
88
236
31
20
85
73
27
104
162
138
211
2
150
138
40
0
170
43
246
199
123
118
172
146
48
133
80
100
3
27
21
152
14
15
36
240
72
207
211
87
173
81
127
182
29
51
46
172
191
10
96
150
226
37
81
68
157
235
220
119
154
91
250
30
61
28
239
218
252
176
0
192
30
144
125
49
33
113
237
128
188
149
80
32
213
97
215
174
159
222
175
21
63
75
17
220
67
40
10
126
113
4
84
215
193
90
208
246
77
140
111
182
67
32
0
102
219
30
33
86
12
60
140
146
78
245
236
160
87
55
95
240
253
182
102
187
12
172
211
37
70
11
30
9
82
51
38
14
8
57
38
32
109
60
177
172
118
246
116
189
220
244
70
244
218
189
172
47
1
233
112
199
110
230
0
100
174
217
25
143
120
228
26
117
211
234
54
62
241
108
33
96
101
184
118
23
0
133
102
24
200
35
210
12
126
148
200
200
84
155
76
97
144
145
159
165
129
51
254
188
230
159
116
86
238
45
187
23
173
180
50
178
90
243
62
165
181
186
228
20
121
152
27
14
84
98
9
63
21
94
34
187
67
111
90
233
214
222
251
95
86
40
206
103
203
69
136
127
79
16
32
73
156
125
64
145
51
36
158
29
94
136
92
184
75
220
10
168
5
181
33
119
110
34
75
18
68
13
161
217
132
204
254
64
211
199
90
185
229
51
223
144
10
6
101
0
25
222
211
229
145
59
178
62
175
104
92
198
69
113
117
123
97
61
33
177
109
81
100
48
97
33
70
243
186
88
16
90
78
9
153
31
53
141
191
70
90
240
142
117
29
19
90
34
78
224
100
171
143
191
25
224
143
99
83
46
135
213
124
235
123
143
214
32
58
3
207
249
196
242
15
247
156
230
154
116
91
46
91
96
88
20
59
215
228
50
168
105
0
231
184
206
56
138
108
240
254
183
201
188
174
126
134
244
184
129
244
183
127
108
28
207
197
37
175
201
45
63
81
89
212
62
188
100
163
174
104
164
11
139
33
187
25
250
135
242
183
247
30
199
250
53
53
163
122
208
182
46
108
134
202
29
219
76
128
1
35
141
195
60
243
38
165
141
102
67
41
204
79
171
7
17
140
204
1
31
53
25
187
22
156
220
117
44
22
88
168
63
84
76
122
187
102
1
62
217
131
21
44
25
55
208
217
99
236
94
182
71
238
201
156
181
225
137
18
66
167
213
17
187
111
230
0
199
60
211
95
79
208
221
117
155
118
153
151
210
38
61
59
189
7
159
166
113
242
71
205
110
187
170
125
109
251
104
21
18
70
213
69
244
170
162
130
199
234
228
253
77
44
114
123
83
247
82
213
139
106
141
109
20
91
220
81
20
22
145
179
96
102
102
219
12
91
234
38
71
170
76
28
154
234
238
82
149
233
205
251
61
177
135
89
161
187
107
211
118
219
33
192
146
8
18
82
223
177
61
137
225
123
158
127
11
159
135
58
3
234
75
49
37
81
72
200
0
150
103
113
10
179
25
133
147
249
115
52
235
210
124
64
8
9
111
120
38
15
150
196
53
182
133
182
103
216
183
63
132
246
201
224
58
233
122
205
214
132
39
112
11
133
136
2
21
200
132
6
35
38
125
49
140
242
102
119
146
181
173
118
50
198
159
123
232
105
215
120
80
97
172
59
179
123
56
1
142
92
224
129
19
240
127
90
109
77
151
109
254
239
123
208
234
79
151
115
210
0
59
86
81
201
82
193
14
49
216
228
79
6
125
110
209
36
144
166
115
25
4
192
139
107
149
63
51
196
113
158
213
201
213
122
93
171
191
90
137
131
15
144
208
0
84
18
87
252
179
7
183
181
78
114
53
232
238
83
240
134
233
239
235
52
108
109
7
184
168
88
125
59
158
219
54
242
101
73
82
147
193
192
156
83
255
0
135
245
230
245
221
250
167
75
133
130
37
167
219
108
11
110
204
11
41
80
22
36
186
250
128
137
83
216
72
199
81
163
185
167
220
141
111
247
141
54
231
27
28
22
54
225
128
152
192
31
80
131
241
219
187
38
191
64
45
133
187
97
217
172
177
94
103
208
228
31
75
129
10
78
91
111
120
36
124
158
132
230
255
0
233
7
185
38
221
71
166
41
205
203
72
65
136
48
59
127
43
15
180
74
158
231
34
162
61
79
194
142
3
53
166
4
122
142
198
250
160
114
20
253
36
136
227
224
9
154
217
209
124
87
114
200
242
220
121
150
140
13
141
38
0
151
59
88
44
247
111
64
66
51
245
99
50
27
94
39
208
17
189
154
226
17
30
146
133
152
70
121
67
183
136
108
96
65
7
154
147
156
144
250
40
170
41
118
86
221
39
92
45
92
150
159
45
189
46
59
70
114
64
228
172
146
63
56
169
221
158
150
160
134
42
175
180
13
174
203
186
16
196
65
97
243
199
250
212
35
171
184
187
122
229
208
187
67
177
59
71
96
64
158
249
49
44
126
254
245
48
240
247
87
184
218
98
175
106
124
146
168
46
238
143
170
72
79
248
251
238
24
32
122
164
253
91
158
27
74
144
99
189
61
28
125
91
163
219
58
187
41
101
0
119
3
122
168
129
44
70
195
17
130
65
50
100
131
138
244
22
134
206
203
105
108
126
21
85
159
248
64
21
0
240
47
71
86
127
223
30
208
83
10
1
140
179
40
0
48
7
232
0
1
133
128
79
231
83
242
236
112
48
42
184
147
83
217
207
150
183
70
201
249
254
148
82
121
84
149
66
103
93
20
82
214
128
81
69
21
160
33
168
71
237
39
167
185
65
168
183
50
160
171
12
195
41
236
192
17
35
239
138
155
146
6
77
50
235
250
246
142
10
53
192
224
224
236
87
184
63
84
4
127
181
37
235
93
141
59
223
69
14
150
29
92
93
210
180
56
63
225
73
44
155
174
40
133
30
102
235
130
12
64
245
1
62
219
169
227
79
226
171
5
84
61
167
86
140
133
250
100
171
172
40
115
244
198
222
231
31
97
56
248
142
207
145
127
118
153
157
173
52
149
62
85
229
8
88
240
210
163
105
17
33
178
59
83
118
171
72
117
9
231
162
149
184
138
205
112
24
219
114
218
42
130
87
177
101
69
38
32
110
220
76
200
245
73
106
186
163
163
206
209
129
233
143
175
184
218
139
69
82
218
149
72
98
75
8
10
68
0
35
59
166
39
4
152
39
154
235
233
182
181
58
54
47
108
37
213
97
15
106
14
219
139
146
3
41
31
43
4
73
92
199
38
121
122
7
86
183
104
109
102
41
184
228
40
1
69
195
181
67
41
38
70
217
37
144
224
246
56
2
159
87
172
217
141
222
109
184
137
157
209
237
31
7
233
158
79
3
243
219
171
151
164
186
22
102
107
215
217
22
241
22
162
198
161
173
89
79
50
218
155
211
113
46
125
86
247
108
92
60
101
20
110
32
192
49
4
168
237
167
172
71
158
254
97
44
173
189
88
224
147
136
99
143
78
225
63
105
142
213
50
214
244
203
58
176
84
160
12
84
108
112
1
38
125
32
43
12
199
164
127
48
39
183
122
137
245
174
155
123
76
11
52
92
182
133
202
188
110
32
177
95
44
220
7
254
36
142
222
172
246
164
228
168
117
60
70
150
176
246
45
249
8
9
119
220
99
110
210
18
224
8
93
231
233
17
233
0
158
231
223
45
186
141
11
91
195
1
145
130
32
169
251
30
63
231
242
29
86
238
92
22
192
153
185
126
238
88
147
156
237
27
137
50
64
231
60
73
167
29
85
176
214
218
6
3
130
6
73
10
73
3
230
120
230
56
253
53
183
44
164
46
72
144
244
45
96
189
109
46
176
245
73
70
206
11
44
9
4
140
200
35
223
61
234
39
172
212
19
170
186
173
48
215
25
32
146
74
131
42
188
231
143
143
210
165
94
30
177
255
0
119
182
71
168
16
196
198
223
75
147
193
34
120
136
201
7
251
86
93
107
195
105
118
47
5
218
226
55
62
2
183
211
27
129
196
158
196
115
159
170
34
185
177
212
206
74
217
90
78
165
17
63
14
167
151
172
66
192
194
239
98
64
60
109
96
79
16
4
158
79
199
189
62
105
163
233
116
91
136
14
225
185
36
2
8
201
134
4
41
140
137
3
244
207
29
157
108
93
184
182
200
109
233
229
23
3
112
43
34
66
146
12
41
128
36
123
8
48
105
197
108
21
225
76
136
198
71
42
55
123
131
204
136
18
35
189
94
222
200
74
93
163
50
240
129
81
81
21
185
10
132
22
141
160
238
104
155
156
119
221
246
165
180
219
44
222
114
9
2
217
31
76
201
185
8
188
252
176
252
248
147
90
242
71
171
31
28
14
20
156
79
244
144
62
68
69
111
181
120
133
101
112
8
97
234
70
10
251
185
34
85
242
198
79
32
246
24
238
85
49
254
180
136
214
135
95
114
220
173
187
173
110
100
194
51
42
238
30
97
4
170
50
130
68
140
149
199
180
96
203
252
49
214
238
25
177
125
152
131
11
109
136
184
74
180
170
67
177
72
51
33
23
143
86
239
113
60
202
214
211
203
6
206
157
60
201
218
26
218
67
198
209
157
227
208
51
0
158
242
1
230
181
117
158
153
104
90
55
82
218
219
100
128
234
17
140
139
146
187
128
152
12
55
76
72
83
129
216
85
93
205
124
90
35
197
207
105
147
22
184
171
150
100
140
19
14
156
111
147
193
18
11
122
71
98
100
12
226
161
125
119
168
90
23
158
221
152
32
128
183
48
165
93
241
149
96
73
7
123
68
136
50
167
188
211
62
147
165
220
190
223
195
66
99
36
237
128
188
12
51
52
24
194
129
201
33
177
43
38
67
210
252
20
3
3
126
244
15
107
34
79
31
206
224
1
31
10
103
4
82
240
140
111
109
131
171
181
210
35
186
155
49
235
67
189
12
102
32
169
60
6
3
180
204
17
130
15
188
128
182
180
228
142
15
110
220
71
19
250
197
75
110
116
36
176
225
237
22
96
35
117
155
144
60
196
25
41
184
97
96
0
160
145
27
170
202
233
126
27
208
221
182
151
237
43
58
54
68
187
72
32
195
2
4
16
192
130
8
61
193
170
69
170
93
50
116
156
250
85
61
31
194
140
219
94
224
48
126
155
74
125
77
204
110
63
128
127
82
61
176
213
98
116
191
9
187
149
125
68
34
44
108
178
131
104
81
140
5
31
66
226
35
227
243
169
190
151
64
136
6
213
136
17
60
152
28
9
230
62
43
101
171
82
102
155
142
253
17
223
240
209
167
176
0
0
8
3
0
118
0
118
2
186
54
158
43
160
32
165
2
159
66
26
60
179
75
91
232
163
64
20
81
69
104
8
204
0
147
129
239
85
119
138
255
0
105
143
188
218
209
5
129
35
207
97
187
116
119
182
167
27
127
204
102
125
162
9
63
106
30
52
182
65
208
88
184
73
45
182
251
44
192
24
254
16
63
63
136
142
34
59
145
85
122
147
187
176
142
224
30
7
50
123
212
170
190
145
88
143
182
59
117
111
18
107
175
169
243
53
46
192
30
56
82
70
114
130
21
128
246
34
41
222
215
140
45
178
141
239
114
219
254
36
42
90
126
20
129
17
249
15
239
80
171
250
243
200
143
191
98
39
131
241
218
186
181
90
11
201
108
92
188
160
7
224
79
173
24
130
202
29
98
4
133
56
228
14
98
167
83
253
44
186
240
123
210
120
198
219
220
242
222
86
120
220
84
169
158
1
32
194
159
190
1
140
214
254
191
162
62
69
219
214
155
99
109
44
224
40
27
145
114
67
31
176
224
65
60
103
180
46
238
149
5
162
89
78
230
55
6
239
229
123
104
143
178
65
130
10
180
254
163
230
167
158
28
111
59
78
55
254
43
112
76
142
224
163
144
8
61
193
204
125
167
21
43
149
13
84
143
47
146
211
35
137
168
211
109
85
75
10
196
5
223
190
119
93
192
45
12
210
171
12
48
20
15
214
146
214
140
41
6
212
219
102
92
33
102
219
38
65
201
36
143
76
136
50
51
218
179
240
175
71
107
215
223
66
204
5
201
101
82
71
164
221
183
186
82
78
64
32
52
118
144
1
230
157
181
189
25
236
49
176
237
185
132
110
93
142
24
72
195
32
153
188
128
198
237
185
18
48
70
69
219
107
178
41
207
131
53
158
169
251
181
194
5
182
80
48
246
201
45
36
137
220
133
140
169
224
196
195
109
201
134
32
77
236
234
23
83
100
126
57
89
18
126
181
96
112
100
74
200
98
167
34
55
47
17
53
6
234
40
254
75
139
200
21
193
132
251
238
19
18
100
136
13
253
12
98
186
252
33
226
20
181
22
111
18
171
62
155
135
212
170
9
146
28
65
32
73
231
35
38
64
18
74
228
158
75
104
105
105
116
198
126
169
160
54
88
217
146
124
187
135
107
65
18
174
170
203
32
241
134
152
201
253
49
134
170
232
75
126
81
250
140
22
159
192
20
159
73
7
134
38
9
197
58
117
253
112
191
124
189
130
160
17
10
95
111
162
216
244
239
50
8
220
217
128
101
185
238
38
184
116
157
13
183
249
45
232
31
83
60
17
54
196
9
65
10
90
119
8
2
121
227
38
21
255
0
104
172
249
209
29
255
0
234
23
173
159
225
221
185
111
63
133
217
51
196
246
253
107
11
218
203
151
136
55
110
61
194
39
46
197
163
137
228
152
199
63
215
222
173
110
155
162
177
104
66
89
65
19
36
128
91
255
0
51
24
36
195
119
0
227
32
138
143
248
227
78
141
105
29
109
5
100
42
187
145
118
197
184
39
105
81
192
5
129
6
12
118
44
49
70
60
242
235
90
50
241
86
182
50
244
91
32
67
177
128
72
27
136
50
20
31
81
231
48
112
120
224
252
212
223
174
116
123
250
123
133
30
216
7
105
10
192
13
164
109
96
118
24
144
165
76
1
32
130
73
158
65
133
33
13
97
64
7
233
8
70
0
144
115
0
122
76
224
224
247
246
141
222
147
181
163
183
171
210
91
23
86
67
218
67
242
9
81
63
214
168
231
150
200
58
115
162
145
84
48
0
105
140
28
44
6
24
25
249
129
152
218
123
243
53
178
197
166
36
0
187
167
176
83
150
199
34
34
36
113
255
0
74
122
241
143
65
125
18
59
133
5
84
122
78
68
238
49
4
9
12
185
220
102
14
14
69
64
245
62
37
212
55
15
228
175
101
183
233
218
1
44
61
66
24
145
184
231
241
46
12
197
78
113
191
178
159
147
107
161
203
169
120
93
218
235
50
135
8
236
204
202
202
219
195
55
169
130
144
8
60
242
99
145
220
77
111
235
218
245
75
87
237
51
69
231
40
10
2
234
99
23
55
28
109
101
136
196
247
248
166
93
39
66
184
234
30
235
121
118
200
196
141
206
202
33
64
68
145
43
24
146
64
218
1
19
0
55
85
174
139
167
13
177
205
205
199
107
0
110
91
182
88
49
49
0
169
4
150
82
57
63
145
57
163
214
214
222
244
42
219
93
33
223
167
194
217
182
182
72
42
84
23
218
226
119
144
187
183
128
100
16
96
124
99
189
61
232
145
200
30
152
34
76
145
192
231
61
132
12
252
102
160
250
222
136
214
201
125
53
214
96
0
39
132
112
4
29
192
163
31
49
102
8
43
7
0
129
220
53
141
109
194
35
205
185
12
33
128
99
5
101
142
214
19
12
36
182
14
50
112
106
127
133
95
105
143
249
120
174
209
106
234
175
89
8
94
237
235
105
176
7
35
122
151
193
32
21
183
187
115
100
16
162
12
180
123
87
95
236
195
197
10
250
155
218
110
18
227
179
91
146
205
14
4
55
168
242
76
73
63
204
99
28
85
91
160
240
238
170
239
22
153
6
27
117
217
64
7
0
146
86
79
29
135
229
78
58
61
37
253
14
170
222
240
21
129
5
88
29
202
66
158
196
125
42
27
183
56
207
52
216
230
101
244
251
39
145
213
47
15
74
237
165
85
138
213
161
212
139
150
210
232
225
213
88
126
98
107
112
53
208
115
139
69
20
133
171
64
90
43
13
244
149
155
3
101
70
252
113
226
117
209
105
221
129
6
243
41
22
147
252
199
1
155
217
71
63
48
106
72
107
205
189
119
171
157
78
166
227
106
183
192
119
99
109
96
54
61
43
111
56
144
191
110
59
147
89
76
105
91
99
29
205
64
201
45
158
119
30
76
242
126
15
191
231
78
61
35
162
220
190
30
79
148
150
215
115
151
244
237
83
36
57
7
132
199
56
228
113
217
199
65
171
59
194
105
52
118
147
17
44
158
101
232
236
119
134
145
200
255
0
156
84
223
195
62
9
107
174
111
106
109
249
225
161
214
229
214
101
218
236
101
192
180
39
114
200
92
19
4
1
63
18
229
190
145
119
241
91
34
154
91
250
45
54
108
175
159
116
64
82
1
80
76
0
78
230
226
99
176
108
146
6
208
106
101
225
111
11
223
212
91
157
106
167
248
162
224
182
162
16
128
176
22
232
200
113
184
238
219
39
32
110
60
138
156
233
58
5
132
136
69
17
192
64
45
168
251
4
140
124
25
228
211
162
168
24
24
20
203
31
219
36
242
63
162
5
227
255
0
7
219
125
61
219
201
181
92
40
44
99
7
104
9
184
156
156
32
30
248
81
198
102
187
240
51
197
166
180
68
53
182
101
32
99
19
184
49
196
242
88
110
36
112
32
78
106
253
213
216
23
17
173
183
14
172
167
236
194
13
121
222
235
157
14
181
197
201
242
220
149
184
61
70
25
101
119
194
153
98
9
156
246
99
241
73
150
58
210
31
13
233
156
125
79
80
218
109
119
156
164
169
62
93
197
104
225
144
192
49
140
122
114
62
106
233
241
31
78
211
245
62
159
231
64
7
203
55
17
140
77
183
81
59
88
252
48
131
236
69
87
157
111
162
37
224
65
30
161
36
48
144
80
145
243
192
49
193
25
237
81
175
251
63
171
95
66
220
66
146
8
146
224
126
104
20
231
237
63
236
184
178
173
106
135
201
137
183
180
113
245
27
54
213
48
176
65
128
73
37
153
64
50
198
126
99
176
28
246
24
147
248
59
163
170
40
102
69
55
26
9
102
80
197
1
224
0
65
217
2
9
35
51
62
209
90
186
119
133
61
74
247
27
113
4
29
161
97
73
16
68
207
43
60
227
39
226
164
218
155
201
167
180
89
162
64
144
0
98
199
62
160
187
89
125
88
230
96
72
156
115
151
91
248
200
74
215
108
175
58
131
3
117
138
136
12
197
177
188
125
71
210
61
134
196
218
144
20
15
73
247
154
223
225
251
140
218
215
216
7
151
235
71
62
157
187
16
108
18
200
60
179
36
40
150
81
36
242
73
206
155
22
135
158
178
6
88
73
134
94
91
249
132
227
158
216
138
231
232
222
35
91
26
171
151
200
102
87
46
24
134
30
98
171
56
109
219
144
41
156
100
65
6
72
17
89
199
105
255
0
194
187
214
137
222
173
128
144
4
1
196
152
128
89
136
28
224
99
25
34
126
152
224
197
186
222
160
132
191
49
234
82
187
127
227
48
96
109
252
224
168
24
193
83
78
71
175
104
238
146
82
254
208
112
124
207
225
144
73
110
240
7
126
199
238
13
68
252
65
213
45
220
30
77
149
59
1
39
121
87
139
135
213
182
23
24
147
50
202
88
207
110
12
176
227
174
93
161
238
210
147
95
79
77
168
88
176
33
196
236
206
233
92
201
60
123
140
204
134
247
131
94
145
240
13
253
250
11
7
217
35
219
237
253
13
121
227
76
60
253
165
9
222
64
220
134
119
2
49
142
204
177
159
207
243
171
223
246
92
140
154
79
45
163
210
199
140
242
5
118
207
189
156
121
52
146
209
36
234
253
50
222
162
217
183
112
72
60
31
99
238
42
142
235
30
25
253
202
243
48
80
88
238
137
200
65
153
133
224
242
14
71
3
28
213
253
80
255
0
218
86
146
223
238
205
168
113
254
24
51
140
153
4
8
249
204
126
117
182
182
186
18
43
76
167
46
234
203
72
223
217
121
130
73
31
39
49
254
223
121
209
170
80
230
93
67
24
17
61
135
97
56
198
64
143
136
173
58
109
70
231
155
118
3
41
31
248
175
5
136
204
224
128
185
129
18
123
231
56
217
212
46
8
102
187
97
163
12
2
184
116
12
196
136
118
4
64
224
123
243
246
174
119
201
62
142
180
229
163
119
78
189
6
216
83
1
126
156
246
146
102
121
239
253
171
135
165
93
183
251
249
222
171
180
220
186
4
152
10
228
190
211
156
115
198
70
120
236
41
83
173
217
180
15
148
140
72
36
172
168
69
147
248
140
49
99
237
30
208
43
95
133
52
134
246
164
92
99
132
62
115
52
128
75
3
35
184
228
231
29
166
132
154
84
223
154
50
154
122
72
176
195
146
96
228
231
183
121
252
140
253
128
52
217
227
76
217
182
14
88
223
254
28
9
3
235
12
114
66
40
200
19
37
184
147
137
14
122
81
45
16
70
68
199
223
50
2
16
115
239
143
202
162
126
41
213
51
107
246
57
149
182
214
130
225
90
1
10
198
22
235
145
50
76
140
9
25
226
161
134
118
199
204
244
139
199
193
119
119
233
84
76
236
103
78
65
192
98
71
24
224
142
41
254
162
95
179
119
38
197
207
255
0
179
123
123
47
182
63
74
150
215
161
62
28
21
232
134
177
219
89
26
5
110
140
18
40
172
168
163
64
21
21
235
126
4
210
234
46
27
208
81
207
48
36
19
204
145
207
245
169
85
20
52
153
169
232
96
232
254
18
211
105
242
20
49
199
32
68
137
204
115
223
222
159
69
101
69
10
82
240
27
111
208
162
138
43
76
10
131
126
208
124
36
53
0
222
69
44
99
214
131
4
192
128
234
127
152
15
250
28
131
57
162
177
173
154
158
143
61
90
191
169
210
42
164
121
150
70
45
151
63
78
62
153
18
214
254
196
21
57
128
123
56
219
241
42
153
255
0
186
183
177
6
234
247
38
4
132
230
59
142
73
59
120
81
86
223
88
240
221
157
64
32
141
165
185
32
46
126
224
131
159
145
7
230
152
236
248
27
203
27
81
211
225
194
148
185
30
204
192
157
195
242
252
234
79
26
251
69
86
86
64
181
29
103
82
226
44
216
242
196
41
102
134
120
228
229
246
133
80
65
142
39
32
172
17
37
171
77
208
110
222
120
217
231
93
105
244
16
94
73
145
47
116
188
71
7
6
14
100
142
246
189
159
2
91
39
117
199
102
248
153
249
48
72
199
233
82
78
157
211
45
88
27
109
160
95
115
220
253
205
50
151
255
0
5
118
121
202
213
139
150
218
229
223
164
173
150
39
128
204
68
178
194
177
218
235
59
106
48
214
204
31
75
123
76
94
199
245
49
193
252
170
201
241
111
70
242
219
81
109
65
245
221
8
170
2
243
114
230
232
10
211
147
182
49
250
193
138
137
235
252
38
194
217
100
34
235
172
110
180
186
118
46
48
55
109
134
134
143
136
192
159
114
18
90
159
74
182
233
116
115
219
240
110
165
173
37
226
81
86
224
86
80
197
230
26
10
147
233
238
132
52
6
251
197
112
107
252
49
168
181
36
162
186
128
73
100
42
216
130
102
62
174
7
219
138
179
180
110
183
173
35
168
195
91
2
66
149
10
224
6
100
220
237
1
183
100
76
79
192
138
228
109
59
146
23
1
251
29
198
9
227
16
216
206
39
180
118
174
119
158
213
23
88
165
162
19
225
219
254
88
243
20
73
24
29
163
116
228
71
120
254
245
101
120
11
246
132
45
56
211
234
109
170
35
180
249
185
27
75
0
1
98
73
27
65
253
50
123
102
3
226
59
13
107
109
244
244
22
96
174
176
118
185
50
193
162
4
152
228
243
39
239
77
227
172
136
202
102
70
3
122
63
244
144
103
137
231
188
102
186
38
221
124
145
27
198
151
79
211
212
157
83
170
217
211
167
155
126
226
219
89
137
99
201
246
3
150
63
2
171
239
24
248
211
71
170
211
155
8
151
157
89
214
72
8
162
65
192
59
221
89
65
49
152
142
211
53
93
158
173
119
93
15
117
203
220
182
138
171
44
162
19
252
169
19
56
245
17
201
137
224
86
253
54
141
183
0
203
142
24
48
133
219
193
4
156
109
251
211
85
180
78
49
236
107
188
164
23
218
10
246
4
196
136
35
3
108
128
123
115
249
247
173
157
61
219
99
52
144
170
64
70
238
88
225
132
251
70
125
178
123
200
9
167
215
39
209
113
137
64
54
163
64
104
65
45
4
71
168
25
136
200
248
196
87
66
245
45
48
0
155
134
230
222
45
173
182
89
35
177
37
66
230
38
114
115
196
241
55
21
252
43
55
63
209
151
174
232
213
46
44
8
14
129
163
18
12
178
152
29
132
137
252
254
51
41
240
29
149
22
47
56
62
162
234
24
12
96
2
84
25
128
68
134
56
227
111
205
68
245
87
89
153
174
62
89
167
3
128
56
0
14
194
1
31
239
147
71
79
215
222
176
228
219
114
39
234
143
80
104
248
19
61
140
199
189
61
195
172
124
126
196
154
249
242
250
45
43
22
129
17
0
145
130
57
7
34
100
0
241
200
94
56
32
246
53
15
235
250
160
250
240
81
164
219
242
144
159
73
37
208
201
244
189
181
146
9
219
249
26
197
188
85
173
212
5
211
91
64
25
240
162
216
185
188
206
233
216
55
46
208
0
113
32
118
38
96
99
103
74
232
44
165
89
238
33
32
203
34
146
197
96
228
21
120
131
56
196
143
98
106
56
241
240
237
143
146
249
120
92
223
179
219
27
116
164
251
220
127
208
64
227
129
223
2
164
196
211
111
135
52
254
94
154
210
30
118
201
251
183
171
253
105
200
87
84
248
114
191
64
82
209
69
49
129
69
20
80
1
69
20
80
1
69
20
80
1
69
20
80
1
69
20
80
1
69
20
80
1
69
20
80
5
113
251
67
209
17
126
213
208
61
62
98
49
25
34
65
137
143
140
159
204
241
53
94
157
57
91
135
48
235
13
176
163
75
2
199
116
109
193
32
44
144
123
102
174
255
0
22
116
207
62
193
3
234
95
80
255
0
90
168
186
182
140
192
188
146
183
86
97
193
112
85
144
29
227
31
136
143
87
31
136
142
241
80
201
59
47
138
244
53
173
203
154
67
251
197
139
97
244
215
2
155
150
2
122
44
18
224
25
44
125
38
64
134
35
18
7
205
116
220
241
166
141
144
77
171
236
248
37
70
195
182
75
51
48
96
193
70
49
187
245
20
157
63
81
190
93
81
55
24
23
108
127
21
188
245
159
83
40
224
172
22
5
115
16
98
69
50
248
147
161
173
181
253
226
222
227
96
150
27
88
162
27
46
12
4
8
73
133
33
135
174
12
112
68
228
207
140
211
213
122
89
182
150
231
195
155
173
248
142
230
169
5
176
170
170
166
72
221
185
152
145
221
136
128
35
219
156
123
83
23
147
156
130
9
247
16
123
247
252
191
247
174
191
32
156
129
186
55
12
122
159
10
160
42
140
119
63
133
78
36
211
151
134
192
58
155
42
228
20
55
80
76
144
192
198
54
149
86
36
171
68
146
176
98
36
76
142
153
83
51
209
10
109
177
122
111
133
53
6
28
1
108
68
174
226
100
226
86
2
100
112
15
104
143
108
211
189
191
14
92
38
31
83
233
255
0
40
118
254
82
12
179
12
98
120
225
126
69
75
239
105
61
68
111
202
238
246
109
160
24
51
28
193
137
199
126
226
148
232
143
124
65
39
233
124
71
61
167
29
199
216
240
34
185
191
61
22
252
82
67
117
158
19
252
73
112
156
25
87
141
199
156
13
163
56
61
248
218
106
62
220
96
1
56
231
57
5
163
216
15
87
255
0
26
181
218
194
90
83
122
243
20
182
153
44
112
50
48
61
64
18
78
0
236
210
99
53
89
245
11
225
238
51
1
18
207
11
237
186
125
57
239
47
5
103
177
230
173
139
37
86
246
71
38
57
79
104
215
110
199
114
49
38
79
3
13
12
36
226
125
67
188
231
138
230
212
143
73
31
148
144
50
118
184
255
0
48
237
192
111
153
239
93
214
238
143
170
113
129
184
72
59
119
6
141
255
0
82
97
49
50
0
60
138
232
232
154
33
118
231
174
2
162
111
96
118
166
225
48
20
143
162
226
150
113
199
34
121
138
60
123
99
63
52
135
238
159
210
198
153
24
52
11
132
111
188
197
55
165
155
68
145
180
44
100
157
194
90
217
50
97
64
136
151
175
9
116
207
62
237
168
13
180
137
50
67
16
1
51
39
48
12
97
121
166
91
250
59
151
158
2
28
183
152
204
80
38
215
105
32
110
24
0
3
128
57
221
129
197
91
94
11
232
98
197
144
204
61
108
63
69
231
250
156
254
148
145
60
158
217
151
92
87
20
72
81
107
58
40
174
130
1
69
20
80
1
69
20
80
1
69
20
80
1
69
20
80
1
69
20
80
1
69
20
80
1
69
20
80
1
69
20
80
1
80
95
20
120
117
133
205
246
254
151
60
65
244
190
118
156
76
100
243
237
207
19
83
170
198
229
176
192
169
18
15
34
177
173
154
158
138
39
89
211
146
68
3
110
226
180
239
12
241
131
252
161
189
57
39
233
136
220
113
154
52
241
108
238
109
175
50
46
66
174
215
7
27
165
132
161
42
65
227
12
56
226
172
175
18
120
103
124
220
78
78
72
158
78
56
198
15
250
212
23
91
160
43
134
88
61
132
127
207
253
106
20
153
209
20
136
87
88
232
38
208
55
83
213
101
137
89
146
197
49
181
146
227
145
1
142
8
43
245
0
125
140
112
161
99
245
168
99
7
212
65
59
75
68
21
50
8
1
189
66
90
9
102
193
220
106
115
105
157
4
5
223
252
202
74
144
66
246
134
220
166
56
2
51
61
230
139
67
78
172
47
38
156
163
238
59
67
173
194
191
113
184
237
199
28
99
28
83
205
245
218
49
207
125
27
58
111
86
214
58
38
253
8
184
167
102
203
143
117
237
78
213
11
184
239
87
71
82
36
238
198
224
65
0
145
39
91
106
46
146
85
77
155
35
120
1
182
139
177
32
16
76
174
118
207
242
141
208
1
3
154
53
154
235
151
12
187
25
239
39
39
152
156
243
254
149
193
114
2
23
36
8
251
100
246
129
147
30
245
39
167
244
81
116
187
102
122
254
150
250
141
166
230
182
212
137
80
10
178
91
182
73
56
133
88
40
79
172
180
64
36
12
68
158
1
225
102
159
254
226
199
110
238
72
25
203
13
164
236
219
45
189
79
120
246
173
205
214
72
48
150
173
32
36
21
17
188
141
164
152
86
118
33
151
57
83
249
147
78
250
123
197
147
117
192
136
254
98
149
38
16
40
153
202
54
210
167
118
100
180
159
76
0
62
166
221
36
35
226
217
22
234
29
30
237
135
11
112
100
168
32
169
13
32
226
65
226
234
246
146
39
28
154
117
240
254
208
175
104
134
27
216
25
80
88
24
12
35
99
41
131
234
38
103
50
105
226
231
72
107
226
210
13
198
218
41
242
196
239
102
223
4
178
41
89
22
206
209
19
204
72
29
170
119
225
143
8
165
152
119
64
12
125
32
100
252
185
247
248
16
62
41
255
0
111
73
183
167
209
207
224
239
14
143
77
230
13
180
125
33
249
63
33
64
1
71
198
126
245
56
172
84
86
117
68
146
240
155
109
250
20
81
69
105
129
69
20
80
1
69
20
80
1
69
20
80
1
69
20
80
1
69
20
80
1
69
20
80
1
69
20
80
1
69
20
80
1
69
20
80
1
77
221
71
164
91
186
50
63
188
127
78
39
226
156
104
172
107
96
64
250
143
132
66
134
96
12
123
34
156
254
155
176
42
45
119
75
19
10
225
189
183
7
146
71
6
66
145
142
112
79
246
23
45
107
187
101
91
12
160
253
192
63
222
151
130
29
91
42
3
208
238
109
222
160
58
112
24
78
120
156
16
8
31
144
172
108
244
155
202
216
220
164
79
184
137
7
219
49
17
142
62
106
223
26
84
2
2
40
30
192
1
64
211
36
206
197
159
120
19
75
248
205
252
140
172
180
93
11
80
193
152
111
224
122
82
23
119
242
140
109
88
31
36
227
222
105
231
162
248
33
129
15
117
160
142
16
109
33
103
220
1
4
143
185
249
154
157
82
83
40
72
87
77
156
154
46
155
110
212
149
95
81
201
99
150
36
243
38
186
226
150
138
109
10
20
81
69
104
5
20
81
64
5
20
81
64
5
20
81
64
31
255
217
